REFERENCE=GPMX_v1 formats=F32,F16,affine_minmax32_Q1..Q16 header_bytes=16
SCOPE=public reference precisions on synthetic samples; not semantic accuracy or the private GEL codec; private Q2.5 NOT_IMPLEMENTED
TIMING=NOT_MEASURED (historical timed campaign: quantization_matrix)
dataset,format,values,payload_bytes,metadata_bytes,body_bytes,container_bytes,rmse,max_abs_error,bit_exact,file_roundtrip
silence,F32,32768,131072,0,131072,131088,0.000000000e0,0.000000000e0,32768,PASS
silence,F16,32768,65536,0,65536,65552,0.000000000e0,0.000000000e0,32768,PASS
silence,Q1,32768,4096,8192,12288,12304,0.000000000e0,0.000000000e0,32768,PASS
silence,Q2,32768,8192,8192,16384,16400,0.000000000e0,0.000000000e0,32768,PASS
silence,Q3,32768,12288,8192,20480,20496,0.000000000e0,0.000000000e0,32768,PASS
silence,Q4,32768,16384,8192,24576,24592,0.000000000e0,0.000000000e0,32768,PASS
silence,Q5,32768,20480,8192,28672,28688,0.000000000e0,0.000000000e0,32768,PASS
silence,Q6,32768,24576,8192,32768,32784,0.000000000e0,0.000000000e0,32768,PASS
silence,Q7,32768,28672,8192,36864,36880,0.000000000e0,0.000000000e0,32768,PASS
silence,Q8,32768,32768,8192,40960,40976,0.000000000e0,0.000000000e0,32768,PASS
silence,Q9,32768,36864,8192,45056,45072,0.000000000e0,0.000000000e0,32768,PASS
silence,Q10,32768,40960,8192,49152,49168,0.000000000e0,0.000000000e0,32768,PASS
silence,Q11,32768,45056,8192,53248,53264,0.000000000e0,0.000000000e0,32768,PASS
silence,Q12,32768,49152,8192,57344,57360,0.000000000e0,0.000000000e0,32768,PASS
silence,Q13,32768,53248,8192,61440,61456,0.000000000e0,0.000000000e0,32768,PASS
silence,Q14,32768,57344,8192,65536,65552,0.000000000e0,0.000000000e0,32768,PASS
silence,Q15,32768,61440,8192,69632,69648,0.000000000e0,0.000000000e0,32768,PASS
silence,Q16,32768,65536,8192,73728,73744,0.000000000e0,0.000000000e0,32768,PASS
constant,F32,32768,131072,0,131072,131088,0.000000000e0,0.000000000e0,32768,PASS
constant,F16,32768,65536,0,65536,65552,0.000000000e0,0.000000000e0,32768,PASS
constant,Q1,32768,4096,8192,12288,12304,0.000000000e0,0.000000000e0,32768,PASS
constant,Q2,32768,8192,8192,16384,16400,0.000000000e0,0.000000000e0,32768,PASS
constant,Q3,32768,12288,8192,20480,20496,0.000000000e0,0.000000000e0,32768,PASS
constant,Q4,32768,16384,8192,24576,24592,0.000000000e0,0.000000000e0,32768,PASS
constant,Q5,32768,20480,8192,28672,28688,0.000000000e0,0.000000000e0,32768,PASS
constant,Q6,32768,24576,8192,32768,32784,0.000000000e0,0.000000000e0,32768,PASS
constant,Q7,32768,28672,8192,36864,36880,0.000000000e0,0.000000000e0,32768,PASS
constant,Q8,32768,32768,8192,40960,40976,0.000000000e0,0.000000000e0,32768,PASS
constant,Q9,32768,36864,8192,45056,45072,0.000000000e0,0.000000000e0,32768,PASS
constant,Q10,32768,40960,8192,49152,49168,0.000000000e0,0.000000000e0,32768,PASS
constant,Q11,32768,45056,8192,53248,53264,0.000000000e0,0.000000000e0,32768,PASS
constant,Q12,32768,49152,8192,57344,57360,0.000000000e0,0.000000000e0,32768,PASS
constant,Q13,32768,53248,8192,61440,61456,0.000000000e0,0.000000000e0,32768,PASS
constant,Q14,32768,57344,8192,65536,65552,0.000000000e0,0.000000000e0,32768,PASS
constant,Q15,32768,61440,8192,69632,69648,0.000000000e0,0.000000000e0,32768,PASS
constant,Q16,32768,65536,8192,73728,73744,0.000000000e0,0.000000000e0,32768,PASS
image_gradient,F32,32768,131072,0,131072,131088,0.000000000e0,0.000000000e0,32768,PASS
image_gradient,F16,32768,65536,0,65536,65552,1.063366631e-4,2.431869507e-4,256,PASS
image_gradient,Q1,32768,4096,8192,12288,12304,3.452316843e-2,5.882352963e-2,2048,PASS
image_gradient,Q2,32768,8192,8192,16384,16400,1.150772280e-2,1.960784383e-2,2048,PASS
image_gradient,Q3,32768,12288,8192,20480,20496,4.931881202e-3,8.403360844e-3,2048,PASS
image_gradient,Q4,32768,16384,8192,24576,24592,2.301545295e-3,3.921568859e-3,2048,PASS
image_gradient,Q5,32768,20480,8192,28672,28688,0.000000000e0,0.000000000e0,32768,PASS
image_gradient,Q6,32768,24576,8192,32768,32784,5.479870294e-4,9.337067604e-4,2048,PASS
image_gradient,Q7,32768,28672,8192,36864,36880,2.718374100e-4,4.631876945e-4,2048,PASS
image_gradient,Q8,32768,32768,8192,40960,40976,1.353803701e-4,2.306848764e-4,2048,PASS
image_gradient,Q9,32768,36864,8192,45056,45072,6.756303827e-5,1.151263714e-4,2048,PASS
image_gradient,Q10,32768,40960,8192,49152,49168,0.000000000e0,0.000000000e0,32768,PASS
image_gradient,Q11,32768,45056,8192,53248,53264,1.686590272e-5,2.873688936e-5,2048,PASS
image_gradient,Q12,32768,49152,8192,57344,57360,8.432623027e-6,1.436471939e-5,2048,PASS
image_gradient,Q13,32768,53248,8192,61440,61456,4.207101005e-6,7.182359695e-6,2048,PASS
image_gradient,Q14,32768,57344,8192,65536,65552,2.101129984e-6,3.591179848e-6,2048,PASS
image_gradient,Q15,32768,61440,8192,69632,69648,0.000000000e0,0.000000000e0,32768,PASS
image_gradient,Q16,32768,65536,8192,73728,73744,5.248970065e-7,8.977949619e-7,2048,PASS
audio_tones,F32,32768,131072,0,131072,131088,0.000000000e0,0.000000000e0,32768,PASS
audio_tones,F16,32768,65536,0,65536,65552,9.304606225e-5,2.439022064e-4,1,PASS
audio_tones,Q1,32768,4096,8192,12288,12304,1.773959113e-1,4.747211635e-1,2048,PASS
audio_tones,Q2,32768,8192,8192,16384,16400,6.328337530e-2,1.600412279e-1,2048,PASS
audio_tones,Q3,32768,12288,8192,20480,20496,2.751393996e-2,6.798633933e-2,2048,PASS
audio_tones,Q4,32768,16384,8192,24576,24592,1.278285612e-2,3.174974024e-2,2048,PASS
audio_tones,Q5,32768,20480,8192,28672,28688,6.181476606e-3,1.554800570e-2,2048,PASS
audio_tones,Q6,32768,24576,8192,32768,32784,3.101560314e-3,7.470551878e-3,2048,PASS
audio_tones,Q7,32768,28672,8192,36864,36880,1.512979733e-3,3.813803196e-3,2048,PASS
audio_tones,Q8,32768,32768,8192,40960,40976,7.672565664e-4,1.873880625e-3,2048,PASS
audio_tones,Q9,32768,36864,8192,45056,45072,3.696219848e-4,9.240657091e-4,2048,PASS
audio_tones,Q10,32768,40960,8192,49152,49168,1.878135422e-4,4.692375660e-4,2075,PASS
audio_tones,Q11,32768,45056,8192,53248,53264,9.199542711e-5,2.312362194e-4,2061,PASS
audio_tones,Q12,32768,49152,8192,57344,57360,4.705221334e-5,1.169443130e-4,2048,PASS
audio_tones,Q13,32768,53248,8192,61440,61456,2.317273942e-5,5.742907524e-5,2076,PASS
audio_tones,Q14,32768,57344,8192,65536,65552,1.149952226e-5,2.923607826e-5,2074,PASS
audio_tones,Q15,32768,61440,8192,69632,69648,5.931112001e-6,1.457333565e-5,2145,PASS
audio_tones,Q16,32768,65536,8192,73728,73744,2.954868119e-6,7.264316082e-6,2213,PASS
small_signal_outliers,F32,32768,131072,0,131072,131088,0.000000000e0,0.000000000e0,32768,PASS
small_signal_outliers,F16,32768,65536,0,65536,65552,1.904617194e-7,4.135072231e-7,2048,PASS
small_signal_outliers,Q1,32768,4096,8192,12288,12304,1.718920447e-3,3.000000026e-3,2048,PASS
small_signal_outliers,Q2,32768,8192,8192,16384,16400,1.718920447e-3,3.000000026e-3,2048,PASS
small_signal_outliers,Q3,32768,12288,8192,20480,20496,1.718920447e-3,3.000000026e-3,2048,PASS
small_signal_outliers,Q4,32768,16384,8192,24576,24592,1.718920447e-3,3.000000026e-3,2048,PASS
small_signal_outliers,Q5,32768,20480,8192,28672,28688,1.718920447e-3,3.000000026e-3,2048,PASS
small_signal_outliers,Q6,32768,24576,8192,32768,32784,1.718920447e-3,3.000000026e-3,2048,PASS
small_signal_outliers,Q7,32768,28672,8192,36864,36880,1.718920447e-3,3.000000026e-3,2048,PASS
small_signal_outliers,Q8,32768,32768,8192,40960,40976,1.718920447e-3,3.000000026e-3,2048,PASS
small_signal_outliers,Q9,32768,36864,8192,45056,45072,1.718920447e-3,3.000000026e-3,2048,PASS
small_signal_outliers,Q10,32768,40960,8192,49152,49168,1.718920447e-3,3.000000026e-3,2048,PASS
small_signal_outliers,Q11,32768,45056,8192,53248,53264,1.718920447e-3,3.000000026e-3,2048,PASS
small_signal_outliers,Q12,32768,49152,8192,57344,57360,1.718920447e-3,3.000000026e-3,2048,PASS
small_signal_outliers,Q13,32768,53248,8192,61440,61456,1.718920447e-3,3.000000026e-3,2048,PASS
small_signal_outliers,Q14,32768,57344,8192,65536,65552,1.718920447e-3,3.000000026e-3,2048,PASS
small_signal_outliers,Q15,32768,61440,8192,69632,69648,1.718920447e-3,3.000000026e-3,2048,PASS
small_signal_outliers,Q16,32768,65536,8192,73728,73744,1.718920447e-3,3.000000026e-3,2048,PASS
alternating_extremes,F32,32768,131072,0,131072,131088,0.000000000e0,0.000000000e0,32768,PASS
alternating_extremes,F16,32768,65536,0,65536,65552,0.000000000e0,0.000000000e0,32768,PASS
alternating_extremes,Q1,32768,4096,8192,12288,12304,0.000000000e0,0.000000000e0,32768,PASS
alternating_extremes,Q2,32768,8192,8192,16384,16400,0.000000000e0,0.000000000e0,32768,PASS
alternating_extremes,Q3,32768,12288,8192,20480,20496,0.000000000e0,0.000000000e0,32768,PASS
alternating_extremes,Q4,32768,16384,8192,24576,24592,0.000000000e0,0.000000000e0,32768,PASS
alternating_extremes,Q5,32768,20480,8192,28672,28688,0.000000000e0,0.000000000e0,32768,PASS
alternating_extremes,Q6,32768,24576,8192,32768,32784,0.000000000e0,0.000000000e0,32768,PASS
alternating_extremes,Q7,32768,28672,8192,36864,36880,0.000000000e0,0.000000000e0,32768,PASS
alternating_extremes,Q8,32768,32768,8192,40960,40976,0.000000000e0,0.000000000e0,32768,PASS
alternating_extremes,Q9,32768,36864,8192,45056,45072,0.000000000e0,0.000000000e0,32768,PASS
alternating_extremes,Q10,32768,40960,8192,49152,49168,0.000000000e0,0.000000000e0,32768,PASS
alternating_extremes,Q11,32768,45056,8192,53248,53264,0.000000000e0,0.000000000e0,32768,PASS
alternating_extremes,Q12,32768,49152,8192,57344,57360,0.000000000e0,0.000000000e0,32768,PASS
alternating_extremes,Q13,32768,53248,8192,61440,61456,0.000000000e0,0.000000000e0,32768,PASS
alternating_extremes,Q14,32768,57344,8192,65536,65552,0.000000000e0,0.000000000e0,32768,PASS
alternating_extremes,Q15,32768,61440,8192,69632,69648,0.000000000e0,0.000000000e0,32768,PASS
alternating_extremes,Q16,32768,65536,8192,73728,73744,0.000000000e0,0.000000000e0,32768,PASS
PRECISION_MATRIX=PASS formats=18 datasets=6 rows=108 file_roundtrips=108
