# 150 of those 400 shown in the film (75 Polish, 75 English), drawn the same way, splitmix64(seed XOR question number) with seed 0x5eed_2026_1005_0150, the 75 smallest values per language.
2
13
18
24
39
40
46
53
57
59
61
82
83
92
111
114
132
138
142
145
155
161
168
175
194
200
206
209
218
221
222
226
229
234
237
246
262
267
270
272
275
277
285
286
289
293
303
304
330
332
352
376
377
392
393
398
399
401
402
406
410
429
438
442
444
446
452
457
463
468
470
471
476
477
493
502
519
524
530
541
555
567
576
581
585
588
592
597
601
605
610
611
614
622
623
624
627
628
630
633
638
654
657
662
663
664
676
682
693
706
707
709
715
723
729
732
734
735
743
754
769
770
773
776
784
789
826
834
838
840
841
846
847
871
874
878
906
907
919
921
926
935
945
949
952
959
970
971
978
983
