# 400 question numbers of answer_or_abstain_v6 asked to the language models (200 Polish, 200 English), drawn before any request: splitmix64 of the question number with seed 0x5eed_2026_1005_0400, the 200 smallest values per language.
2
3
4
10
13
14
16
18
19
20
22
23
24
26
33
34
36
39
40
43
46
49
53
57
59
61
62
65
71
72
73
74
78
82
83
84
92
93
103
110
111
113
114
117
120
122
123
126
128
130
132
138
139
142
145
147
150
151
155
156
161
166
167
168
171
174
175
176
179
182
189
191
194
198
199
200
201
204
206
209
212
218
221
222
225
226
227
229
234
237
238
240
246
251
255
261
262
263
264
265
266
267
269
270
272
273
274
275
277
278
279
280
281
284
285
286
289
293
294
298
303
304
306
307
308
314
319
322
324
325
330
332
335
336
338
340
343
345
350
351
352
354
357
367
370
371
374
376
377
380
383
389
392
393
395
398
399
401
402
406
409
410
415
420
423
429
431
432
435
436
437
438
440
441
442
443
444
446
447
448
452
457
461
463
465
468
470
471
472
476
477
481
482
483
484
487
490
492
493
494
502
505
506
507
508
513
518
519
521
523
524
525
526
530
531
532
536
537
539
541
543
549
554
555
557
560
567
572
576
581
582
585
588
589
592
597
600
601
605
610
611
614
615
618
620
621
622
623
624
627
628
630
631
632
633
638
639
644
649
653
654
655
656
657
658
659
661
662
663
664
666
670
671
672
675
676
677
682
685
687
692
693
694
695
696
700
702
703
705
706
707
709
710
714
715
717
719
723
727
729
730
731
732
734
735
739
740
743
745
751
754
757
758
760
761
763
765
769
770
773
776
784
789
790
791
798
800
805
806
808
809
810
815
817
821
826
827
829
830
834
836
838
840
841
846
847
853
854
855
860
870
871
872
873
874
877
878
879
880
881
886
887
888
892
893
896
897
905
906
907
910
917
918
919
921
926
934
935
936
941
942
944
945
949
951
952
958
959
962
970
971
973
975
978
980
981
982
983
984
990
