# host: Linux 6.17.0-1030-oem x86_64 · AMD Ryzen AI 9 HX 370 w/ Radeon 890M · ext4 · rustc 1.85.0 · revision ebe5360 · 2026-09-29T18:19:05+01:00
    Finished `release` profile [optimized] target(s) in 0.01s
# gel-evidence crash series: 24 documents of about 64 KiB, a new snapshot after each; kill after 1..=344 ms (uninterrupted run + 20%), seed 20260929
# trial	kill_ms	acknowledged	acknowledged_lost	unacknowledged_complete	partial	temporaries	resumed	reopen_us
1	312	24	0	0	0	0	true	4374
2	186	16	0	0	0	0	true	3043
3	196	16	0	0	0	1	true	2983
4	23	2	0	0	0	1	true	381
5	207	18	0	0	0	1	true	3291
6	246	21	0	0	0	1	true	3851
7	218	19	0	0	0	1	true	3438
8	16	1	0	0	0	1	true	200
9	40	3	0	1	0	1	true	566
10	311	24	0	0	0	0	true	4439
11	71	6	0	0	0	1	true	1106
12	254	20	0	0	0	0	true	3627
13	311	24	0	0	0	0	true	4368
14	197	17	0	0	0	1	true	3084
15	31	2	0	1	0	1	true	402
16	5	0	0	0	0	1	true	-
17	249	20	0	1	0	1	true	3670
18	285	21	0	1	0	1	true	3805
19	198	17	0	1	0	1	true	3047
20	209	18	0	0	0	1	true	3236
21	26	2	0	0	0	1	true	390
22	57	5	0	0	0	1	true	957
23	156	13	0	0	0	1	true	2361
24	68	6	0	0	0	1	true	1101
25	278	24	0	0	0	0	true	4463
26	164	14	0	0	0	1	true	2546
27	183	15	0	1	0	1	true	2704
28	159	11	0	0	0	0	true	1952
29	256	21	0	0	0	0	true	3888
30	238	19	0	1	0	1	true	3589
31	223	19	0	0	0	1	true	2028
32	285	23	0	1	0	1	true	2278
33	338	24	0	0	0	0	true	4492
34	131	11	0	0	0	1	true	2053
35	41	3	0	1	0	1	true	559
36	104	9	0	0	0	1	true	1668
37	119	10	0	1	0	1	true	1807
38	87	7	0	1	0	1	true	1279
39	278	22	0	1	0	1	true	3924
40	131	11	0	0	0	1	true	1965
41	33	3	0	0	0	0	true	558
42	128	11	0	1	0	1	true	1963
43	33	2	0	1	0	1	true	393
44	287	23	0	0	0	1	true	4100
45	19	1	0	1	0	1	true	198
46	225	20	0	0	0	0	true	3628
47	332	24	0	0	0	0	true	4462
48	194	16	0	0	0	1	true	2852
49	241	20	0	0	0	1	true	3011
50	21	1	0	1	0	1	true	196
51	187	15	0	0	0	1	true	2693
52	266	21	0	1	0	1	true	3687
53	183	15	0	1	0	1	true	2666
54	86	7	0	1	0	1	true	1245
55	205	18	0	0	0	0	true	3355
56	139	12	0	1	0	1	true	2137
57	126	11	0	0	0	1	true	1980
58	122	10	0	1	0	1	true	1788
59	43	3	0	1	0	1	true	566
60	201	16	0	0	0	0	true	3036
61	257	22	0	0	0	1	true	1919
62	27	2	0	0	0	1	true	405
63	226	18	0	1	0	1	true	3364
64	288	23	0	1	0	1	true	4216
65	174	15	0	0	0	1	true	2726
66	241	20	0	0	0	1	true	3660
67	264	21	0	0	0	1	true	3943
68	248	20	0	0	0	1	true	3678
69	309	24	0	0	0	0	true	4405
70	52	4	0	1	0	1	true	745
71	114	10	0	0	0	0	true	1800
72	246	19	0	0	0	1	true	3523
73	82	7	0	0	0	1	true	1264
74	143	12	0	0	0	1	true	2250
75	99	9	0	0	0	0	true	1642
76	108	9	0	0	0	0	true	1620
77	24	2	0	0	0	1	true	390
78	307	24	0	0	0	0	true	4437
79	272	21	0	0	0	1	true	3786
80	74	6	0	1	0	1	true	1095
81	102	9	0	0	0	0	true	1656
82	4	0	0	0	0	1	true	-
83	298	24	0	0	0	0	true	4498
84	210	16	0	0	0	1	true	3200
85	115	10	0	0	0	1	true	1873
86	317	24	0	0	0	0	true	4386
87	195	16	0	0	0	1	true	3035
88	271	21	0	1	0	1	true	3869
89	20	1	0	1	0	1	true	204
90	51	4	0	1	0	1	true	782
91	77	6	0	1	0	1	true	1150
92	13	1	0	0	0	1	true	199
93	163	14	0	1	0	1	true	2588
94	23	2	0	0	0	1	true	389
95	130	11	0	0	0	1	true	1983
96	207	17	0	1	0	1	true	3156
97	164	12	0	1	0	1	true	2219
98	6	0	0	0	0	1	true	-
99	92	8	0	0	0	1	true	1448
100	14	1	0	0	0	1	true	199
101	96	8	0	1	0	1	true	1513
102	139	12	0	0	0	0	true	2216
103	304	24	0	0	0	0	true	4547
104	200	15	0	0	0	1	true	1633
105	231	20	0	0	0	1	true	3746
106	287	24	0	0	0	0	true	4276
107	223	19	0	1	0	1	true	3517
108	263	22	0	1	0	1	true	4102
109	261	21	0	0	0	1	true	3967
110	284	24	0	0	0	0	true	4543
111	160	13	0	0	0	1	true	2439
112	122	10	0	1	0	1	true	1859
113	313	24	0	0	0	0	true	4513
114	302	24	0	0	0	0	true	4358
115	133	11	0	1	0	1	true	1977
116	271	21	0	1	0	1	true	2051
117	94	7	0	0	0	1	true	1295
118	111	9	0	1	0	1	true	1676
119	312	24	0	0	0	0	true	4302
120	103	9	0	0	0	1	true	1617
121	121	10	0	1	0	1	true	1873
122	246	20	0	0	0	1	true	3699
123	107	9	0	1	0	1	true	1658
124	5	0	0	0	0	1	true	-
125	145	12	0	1	0	1	true	1653
126	36	3	0	0	0	1	true	554
127	137	11	0	0	0	1	true	1972
128	111	9	0	1	0	1	true	1660
129	73	6	0	1	0	1	true	1125
130	301	24	0	0	0	0	true	4454
131	29	2	0	1	0	1	true	390
132	70	6	0	0	0	1	true	1087
133	58	4	0	0	0	1	true	747
134	136	11	0	0	0	0	true	2023
135	20	1	0	1	0	1	true	205
136	239	20	0	0	0	1	true	3835
137	64	5	0	1	0	1	true	1056
138	111	9	0	0	0	1	true	1737
139	154	14	0	0	0	0	true	2564
140	9	0	0	1	0	1	true	-
141	59	5	0	0	0	1	true	483
142	213	17	0	1	0	0	true	3208
143	295	24	0	0	0	0	true	2329
144	253	20	0	1	0	1	true	3708
145	174	14	0	1	0	0	true	2563
146	65	5	0	1	0	1	true	914
147	211	17	0	1	0	1	true	3282
148	69	6	0	0	0	1	true	1100
149	19	1	0	1	0	1	true	217
150	169	14	0	0	0	1	true	2522
151	139	11	0	1	0	1	true	2040
152	146	11	0	0	0	1	true	1443
153	285	21	0	1	0	1	true	3016
154	300	23	0	1	0	1	true	4182
155	79	7	0	0	0	0	true	856
156	106	9	0	1	0	1	true	1654
157	57	4	0	1	0	1	true	749
158	258	21	0	0	0	0	true	3829
159	326	24	0	0	0	0	true	4458
160	229	19	0	1	0	1	true	3548
161	30	2	0	1	0	1	true	406
162	133	11	0	1	0	1	true	1962
163	29	2	0	1	0	1	true	388
164	154	13	0	0	0	1	true	2336
165	169	14	0	0	0	1	true	2581
166	20	1	0	1	0	1	true	205
167	54	4	0	1	0	1	true	748
168	198	16	0	1	0	1	true	2132
169	341	24	0	0	0	0	true	3232
170	160	14	0	0	0	1	true	2610
171	198	17	0	0	0	1	true	3037
172	124	10	0	1	0	1	true	1853
173	237	20	0	0	0	1	true	3671
174	251	20	0	0	0	1	true	3518
175	293	23	0	0	0	1	true	4210
176	132	11	0	1	0	1	true	1970
177	339	24	0	0	0	0	true	4535
178	271	21	0	1	0	1	true	3709
179	117	10	0	0	0	1	true	1868
180	296	24	0	0	0	0	true	2646
181	37	3	0	0	0	1	true	580
182	235	20	0	0	0	1	true	3673
183	282	22	0	1	0	1	true	4070
184	41	3	0	1	0	1	true	576
185	342	24	0	0	0	0	true	3007
186	236	19	0	0	0	1	true	3440
187	56	5	0	0	0	1	true	922
188	302	24	0	0	0	0	true	4334
189	282	24	0	0	0	0	true	4298
190	145	13	0	0	0	0	true	2315
191	58	5	0	0	0	1	true	970
192	212	17	0	1	0	1	true	3037
193	342	24	0	0	0	0	true	4342
194	334	24	0	0	0	0	true	2170
195	236	19	0	0	0	1	true	3352
196	125	11	0	0	0	0	true	1996
197	343	24	0	0	0	0	true	4439
198	220	18	0	0	0	1	true	3168
199	294	21	0	1	0	1	true	2395
200	4	0	0	0	0	1	true	-
CRASH_SERIES=PASS trials=200 acknowledged=2683 acknowledged_lost=0 partial=0 resumed=200 killed_mid_publication=153
