variant,documents,operation,n,rss_delta_min,rss_delta_p50,rss_delta_max,mutation_peak_min,mutation_peak_p50,mutation_peak_max,reset_residual_max,build_hwm_min,build_hwm_p50,build_hwm_max
historical_vec,8,add,10,114688,114688,114688,114688,114688,176128,110592,2560000,2576384,2658304
historical_vec,8,remove,10,81920,81920,81920,81920,81920,110592,110592,2580480,2609152,2686976
historical_vec,8,replace,10,118784,118784,118784,118784,118784,118784,110592,2564096,2580480,2686976
historical_vec,64,add,10,110592,110592,110592,598016,872448,1249280,0,5480448,5689344,5902336
historical_vec,64,remove,10,77824,77824,77824,77824,77824,77824,0,5603328,5812224,6017024
historical_vec,64,replace,10,114688,114688,114688,114688,114688,114688,0,5472256,5750784,5918720
historical_vec,256,add,10,110592,110592,110592,3665920,4489216,5050368,0,16379904,17244160,17772544
historical_vec,256,remove,10,77824,77824,77824,77824,77824,77824,0,16728064,17276928,17477632
historical_vec,256,replace,10,114688,114688,114688,114688,114688,114688,0,16850944,17190912,17362944
stream,8,add,10,94208,94208,94208,90112,90112,90112,0,2387968,2416640,2478080
stream,8,remove,10,73728,73728,73728,69632,69632,69632,0,2383872,2461696,2510848
stream,8,replace,10,94208,94208,94208,90112,90112,90112,0,2383872,2424832,2478080
stream,64,add,10,94208,94208,94208,90112,90112,90112,0,3547136,3579904,3629056
stream,64,remove,10,73728,73728,73728,69632,69632,69632,0,3547136,3584000,3596288
stream,64,replace,10,94208,94208,94208,90112,90112,90112,0,3538944,3584000,3649536
stream,256,add,10,90112,90112,90112,90112,90112,90112,0,7507968,7540736,7593984
stream,256,remove,10,73728,73728,73728,73728,73728,73728,0,7507968,7540736,7589888
stream,256,replace,10,90112,90112,90112,90112,90112,90112,0,7516160,7548928,7593984
