rep,position,variant,documents,operation,rss_before_bytes,hwm_before_bytes,rss_reset_bytes,hwm_reset_bytes,rss_after_bytes,hwm_after_bytes,latency_ns,result_bytes,result_root
0,0,stream,8,add,2478080,2478080,2482176,2482176,2572288,2572288,283333,183923,487f1ce622e4793c65c91641755b57282be590fb6c931286e1d3a727f1fcb494
0,1,historical_vec,8,add,2531328,2576384,2531328,2576384,2646016,2646016,411704,183923,487f1ce622e4793c65c91641755b57282be590fb6c931286e1d3a727f1fcb494
0,0,stream,8,replace,2428928,2428928,2433024,2433024,2523136,2523136,255610,163498,6266c1606c48bc66dc2039c7a9dd9ce836d3839db239c1b3edcaa62580d1bf4b
0,1,historical_vec,8,replace,2576384,2686976,2576384,2686976,2695168,2695168,283673,163498,6266c1606c48bc66dc2039c7a9dd9ce836d3839db239c1b3edcaa62580d1bf4b
0,0,stream,8,remove,2416640,2416640,2420736,2420736,2490368,2490368,192342,143042,f42b488a036d7be4c140ee875e6ad49a974c34662f63b58c26a29991f5182e8a
0,1,historical_vec,8,remove,2617344,2617344,2617344,2617344,2699264,2699264,210907,143042,f42b488a036d7be4c140ee875e6ad49a974c34662f63b58c26a29991f5182e8a
0,0,stream,64,add,3547136,3547136,3551232,3551232,3641344,3641344,1261914,1328057,f2f53ad6178005e6cc34f895da70699ae6f9e6ded00ded0a0024bd1945388529
0,1,historical_vec,64,add,4915200,5746688,4915200,4915200,5025792,5787648,1770180,1328057,f2f53ad6178005e6cc34f895da70699ae6f9e6ded00ded0a0024bd1945388529
0,0,stream,64,replace,3620864,3620864,3624960,3624960,3715072,3715072,1230945,1307632,957fc634eaf67992bc92666e3f14e98fb0793ad4bf564d2663c0aab353914ee5
0,1,historical_vec,64,replace,4915200,5750784,4915200,4915200,5029888,5029888,1418277,1307632,957fc634eaf67992bc92666e3f14e98fb0793ad4bf564d2663c0aab353914ee5
0,0,stream,64,remove,3588096,3588096,3592192,3592192,3661824,3661824,1227629,1287176,4c2fddea418f3faecd32221c6ab2c4337cb62e875206ecfeb10cbafd9273bad1
0,1,historical_vec,64,remove,4866048,5750784,4866048,4866048,4943872,4943872,1286500,1287176,4c2fddea418f3faecd32221c6ab2c4337cb62e875206ecfeb10cbafd9273bad1
0,0,stream,256,add,7540736,7540736,7540736,7540736,7630848,7630848,4962954,5250965,2ee2ef4dab144d0c57b33f764972edaf0aaae44e438046d6f0eead6580d09c2e
0,1,historical_vec,256,add,12808192,16846848,12808192,12808192,12918784,16887808,7472635,5250965,2ee2ef4dab144d0c57b33f764972edaf0aaae44e438046d6f0eead6580d09c2e
0,0,stream,256,replace,7548928,7548928,7548928,7548928,7639040,7639040,4939841,5230540,c33079d85dd192bfa13fb08a7a1fc3a1a83163d2f31b52cb204016884af7c83e
0,1,historical_vec,256,replace,12730368,16850944,12730368,12730368,12845056,12845056,2359498,5230540,c33079d85dd192bfa13fb08a7a1fc3a1a83163d2f31b52cb204016884af7c83e
0,0,stream,256,remove,7507968,7507968,7507968,7507968,7581696,7581696,4850012,5210084,24d860170e6914ba976f7d2b4a8f9c70a7bbc7099e176a480fef9c463f7b83df
0,1,historical_vec,256,remove,12718080,17100800,12718080,12718080,12795904,12795904,5371674,5210084,24d860170e6914ba976f7d2b4a8f9c70a7bbc7099e176a480fef9c463f7b83df
1,0,historical_vec,8,add,2560000,2568192,2560000,2568192,2674688,2674688,436701,183923,487f1ce622e4793c65c91641755b57282be590fb6c931286e1d3a727f1fcb494
1,1,stream,8,add,2387968,2387968,2392064,2392064,2482176,2482176,280838,183923,487f1ce622e4793c65c91641755b57282be590fb6c931286e1d3a727f1fcb494
1,0,historical_vec,8,replace,2568192,2568192,2568192,2568192,2686976,2686976,286159,163498,6266c1606c48bc66dc2039c7a9dd9ce836d3839db239c1b3edcaa62580d1bf4b
1,1,stream,8,replace,2473984,2473984,2478080,2478080,2568192,2568192,183565,163498,6266c1606c48bc66dc2039c7a9dd9ce836d3839db239c1b3edcaa62580d1bf4b
1,0,historical_vec,8,remove,2576384,2621440,2576384,2621440,2658304,2658304,208442,143042,f42b488a036d7be4c140ee875e6ad49a974c34662f63b58c26a29991f5182e8a
1,1,stream,8,remove,2469888,2469888,2473984,2473984,2543616,2543616,192943,143042,f42b488a036d7be4c140ee875e6ad49a974c34662f63b58c26a29991f5182e8a
1,0,historical_vec,64,add,4923392,5480448,4923392,4923392,5033984,5521408,1703564,1328057,f2f53ad6178005e6cc34f895da70699ae6f9e6ded00ded0a0024bd1945388529
1,1,stream,64,add,3629056,3629056,3633152,3633152,3723264,3723264,1255862,1328057,f2f53ad6178005e6cc34f895da70699ae6f9e6ded00ded0a0024bd1945388529
1,0,historical_vec,64,replace,4911104,5873664,4911104,4911104,5025792,5025792,1319672,1307632,957fc634eaf67992bc92666e3f14e98fb0793ad4bf564d2663c0aab353914ee5
1,1,stream,64,replace,3649536,3649536,3653632,3653632,3743744,3743744,1246073,1307632,957fc634eaf67992bc92666e3f14e98fb0793ad4bf564d2663c0aab353914ee5
1,0,historical_vec,64,remove,4902912,5812224,4902912,4902912,4980736,4980736,1455728,1287176,4c2fddea418f3faecd32221c6ab2c4337cb62e875206ecfeb10cbafd9273bad1
1,1,stream,64,remove,3567616,3567616,3571712,3571712,3641344,3641344,1193295,1287176,4c2fddea418f3faecd32221c6ab2c4337cb62e875206ecfeb10cbafd9273bad1
1,0,historical_vec,256,add,12795904,17244160,12795904,12795904,12906496,17285120,7513903,5250965,2ee2ef4dab144d0c57b33f764972edaf0aaae44e438046d6f0eead6580d09c2e
1,1,stream,256,add,7532544,7532544,7532544,7532544,7622656,7622656,4926035,5250965,2ee2ef4dab144d0c57b33f764972edaf0aaae44e438046d6f0eead6580d09c2e
1,0,historical_vec,256,replace,12800000,17178624,12800000,12800000,12914688,12914688,6973747,5230540,c33079d85dd192bfa13fb08a7a1fc3a1a83163d2f31b52cb204016884af7c83e
1,1,stream,256,replace,7548928,7548928,7548928,7548928,7639040,7639040,4896750,5230540,c33079d85dd192bfa13fb08a7a1fc3a1a83163d2f31b52cb204016884af7c83e
1,0,historical_vec,256,remove,12808192,17338368,12808192,12808192,12886016,12886016,4834383,5210084,24d860170e6914ba976f7d2b4a8f9c70a7bbc7099e176a480fef9c463f7b83df
1,1,stream,256,remove,7548928,7548928,7548928,7548928,7622656,7622656,6962406,5210084,24d860170e6914ba976f7d2b4a8f9c70a7bbc7099e176a480fef9c463f7b83df
2,0,stream,8,add,2387968,2387968,2392064,2392064,2482176,2482176,281128,183923,487f1ce622e4793c65c91641755b57282be590fb6c931286e1d3a727f1fcb494
2,1,historical_vec,8,add,2535424,2576384,2535424,2576384,2650112,2650112,402026,183923,487f1ce622e4793c65c91641755b57282be590fb6c931286e1d3a727f1fcb494
2,0,stream,8,replace,2420736,2420736,2424832,2424832,2514944,2514944,264137,163498,6266c1606c48bc66dc2039c7a9dd9ce836d3839db239c1b3edcaa62580d1bf4b
2,1,historical_vec,8,replace,2560000,2564096,2560000,2564096,2678784,2678784,278995,163498,6266c1606c48bc66dc2039c7a9dd9ce836d3839db239c1b3edcaa62580d1bf4b
2,0,stream,8,remove,2478080,2478080,2482176,2482176,2551808,2551808,193994,143042,f42b488a036d7be4c140ee875e6ad49a974c34662f63b58c26a29991f5182e8a
2,1,historical_vec,8,remove,2609152,2609152,2609152,2609152,2691072,2691072,189827,143042,f42b488a036d7be4c140ee875e6ad49a974c34662f63b58c26a29991f5182e8a
2,0,stream,64,add,3575808,3575808,3579904,3579904,3670016,3670016,1817499,1328057,f2f53ad6178005e6cc34f895da70699ae6f9e6ded00ded0a0024bd1945388529
2,1,historical_vec,64,add,4919296,5898240,4919296,4919296,5029888,6164480,2484292,1328057,f2f53ad6178005e6cc34f895da70699ae6f9e6ded00ded0a0024bd1945388529
2,0,stream,64,replace,3547136,3547136,3551232,3551232,3641344,3641344,1791249,1307632,957fc634eaf67992bc92666e3f14e98fb0793ad4bf564d2663c0aab353914ee5
2,1,historical_vec,64,replace,4820992,5554176,4820992,4820992,4935680,4935680,1334239,1307632,957fc634eaf67992bc92666e3f14e98fb0793ad4bf564d2663c0aab353914ee5
2,0,stream,64,remove,3584000,3584000,3588096,3588096,3657728,3657728,1218111,1287176,4c2fddea418f3faecd32221c6ab2c4337cb62e875206ecfeb10cbafd9273bad1
2,1,historical_vec,64,remove,4882432,5947392,4882432,4882432,4960256,4960256,1936112,1287176,4c2fddea418f3faecd32221c6ab2c4337cb62e875206ecfeb10cbafd9273bad1
2,0,stream,256,add,7544832,7544832,7544832,7544832,7634944,7634944,4895297,5250965,2ee2ef4dab144d0c57b33f764972edaf0aaae44e438046d6f0eead6580d09c2e
2,1,historical_vec,256,add,12754944,16379904,12754944,12754944,12865536,16420864,7058446,5250965,2ee2ef4dab144d0c57b33f764972edaf0aaae44e438046d6f0eead6580d09c2e
2,0,stream,256,replace,7593984,7593984,7593984,7593984,7684096,7684096,4858619,5230540,c33079d85dd192bfa13fb08a7a1fc3a1a83163d2f31b52cb204016884af7c83e
2,1,historical_vec,256,replace,12763136,17317888,12763136,12763136,12877824,12877824,2541580,5230540,c33079d85dd192bfa13fb08a7a1fc3a1a83163d2f31b52cb204016884af7c83e
2,0,stream,256,remove,7589888,7589888,7589888,7589888,7663616,7663616,2441031,5210084,24d860170e6914ba976f7d2b4a8f9c70a7bbc7099e176a480fef9c463f7b83df
2,1,historical_vec,256,remove,12767232,16728064,12767232,12767232,12845056,12845056,5256687,5210084,24d860170e6914ba976f7d2b4a8f9c70a7bbc7099e176a480fef9c463f7b83df
3,0,historical_vec,8,add,2547712,2658304,2547712,2658304,2662400,2662400,402557,183923,487f1ce622e4793c65c91641755b57282be590fb6c931286e1d3a727f1fcb494
3,1,stream,8,add,2396160,2396160,2400256,2400256,2490368,2490368,285377,183923,487f1ce622e4793c65c91641755b57282be590fb6c931286e1d3a727f1fcb494
3,0,historical_vec,8,replace,2621440,2621440,2621440,2621440,2740224,2740224,281079,163498,6266c1606c48bc66dc2039c7a9dd9ce836d3839db239c1b3edcaa62580d1bf4b
3,1,stream,8,replace,2424832,2424832,2428928,2428928,2519040,2519040,262513,163498,6266c1606c48bc66dc2039c7a9dd9ce836d3839db239c1b3edcaa62580d1bf4b
3,0,historical_vec,8,remove,2535424,2580480,2535424,2580480,2617344,2617344,206539,143042,f42b488a036d7be4c140ee875e6ad49a974c34662f63b58c26a29991f5182e8a
3,1,stream,8,remove,2473984,2473984,2478080,2478080,2547712,2547712,191711,143042,f42b488a036d7be4c140ee875e6ad49a974c34662f63b58c26a29991f5182e8a
3,0,historical_vec,64,add,4878336,5742592,4878336,4878336,4988928,5783552,1793183,1328057,f2f53ad6178005e6cc34f895da70699ae6f9e6ded00ded0a0024bd1945388529
3,1,stream,64,add,3579904,3579904,3584000,3584000,3674112,3674112,1253839,1328057,f2f53ad6178005e6cc34f895da70699ae6f9e6ded00ded0a0024bd1945388529
3,0,historical_vec,64,replace,4915200,5861376,4915200,4915200,5029888,5029888,1321907,1307632,957fc634eaf67992bc92666e3f14e98fb0793ad4bf564d2663c0aab353914ee5
3,1,stream,64,replace,3538944,3538944,3543040,3543040,3633152,3633152,1382179,1307632,957fc634eaf67992bc92666e3f14e98fb0793ad4bf564d2663c0aab353914ee5
3,0,historical_vec,64,remove,4878336,6017024,4878336,4878336,4956160,4956160,1850080,1287176,4c2fddea418f3faecd32221c6ab2c4337cb62e875206ecfeb10cbafd9273bad1
3,1,stream,64,remove,3588096,3588096,3592192,3592192,3661824,3661824,1197433,1287176,4c2fddea418f3faecd32221c6ab2c4337cb62e875206ecfeb10cbafd9273bad1
3,0,historical_vec,256,add,12730368,17055744,12730368,12730368,12840960,17096704,10010339,5250965,2ee2ef4dab144d0c57b33f764972edaf0aaae44e438046d6f0eead6580d09c2e
3,1,stream,256,add,7512064,7512064,7512064,7512064,7602176,7602176,2158380,5250965,2ee2ef4dab144d0c57b33f764972edaf0aaae44e438046d6f0eead6580d09c2e
3,0,historical_vec,256,replace,12754944,17055744,12754944,12754944,12869632,12869632,5172349,5230540,c33079d85dd192bfa13fb08a7a1fc3a1a83163d2f31b52cb204016884af7c83e
3,1,stream,256,replace,7548928,7548928,7548928,7548928,7639040,7639040,4897292,5230540,c33079d85dd192bfa13fb08a7a1fc3a1a83163d2f31b52cb204016884af7c83e
3,0,historical_vec,256,remove,12808192,17387520,12808192,12808192,12886016,12886016,2477530,5210084,24d860170e6914ba976f7d2b4a8f9c70a7bbc7099e176a480fef9c463f7b83df
3,1,stream,256,remove,7536640,7536640,7536640,7536640,7610368,7610368,2277925,5210084,24d860170e6914ba976f7d2b4a8f9c70a7bbc7099e176a480fef9c463f7b83df
4,0,stream,8,add,2412544,2412544,2416640,2416640,2506752,2506752,151204,183923,487f1ce622e4793c65c91641755b57282be590fb6c931286e1d3a727f1fcb494
4,1,historical_vec,8,add,2641920,2641920,2641920,2641920,2756608,2818048,216257,183923,487f1ce622e4793c65c91641755b57282be590fb6c931286e1d3a727f1fcb494
4,0,stream,8,replace,2478080,2478080,2482176,2482176,2572288,2572288,144892,163498,6266c1606c48bc66dc2039c7a9dd9ce836d3839db239c1b3edcaa62580d1bf4b
4,1,historical_vec,8,replace,2539520,2580480,2539520,2580480,2658304,2658304,151866,163498,6266c1606c48bc66dc2039c7a9dd9ce836d3839db239c1b3edcaa62580d1bf4b
4,0,stream,8,remove,2433024,2433024,2437120,2437120,2506752,2506752,101521,143042,f42b488a036d7be4c140ee875e6ad49a974c34662f63b58c26a29991f5182e8a
4,1,historical_vec,8,remove,2617344,2617344,2617344,2617344,2699264,2699264,108574,143042,f42b488a036d7be4c140ee875e6ad49a974c34662f63b58c26a29991f5182e8a
4,0,stream,64,add,3575808,3575808,3579904,3579904,3670016,3670016,919870,1328057,f2f53ad6178005e6cc34f895da70699ae6f9e6ded00ded0a0024bd1945388529
4,1,historical_vec,64,add,4890624,5902336,4890624,4890624,5001216,6139904,2609087,1328057,f2f53ad6178005e6cc34f895da70699ae6f9e6ded00ded0a0024bd1945388529
4,0,stream,64,replace,3584000,3584000,3588096,3588096,3678208,3678208,1233340,1307632,957fc634eaf67992bc92666e3f14e98fb0793ad4bf564d2663c0aab353914ee5
4,1,historical_vec,64,replace,4866048,5795840,4866048,4866048,4980736,4980736,1293603,1307632,957fc634eaf67992bc92666e3f14e98fb0793ad4bf564d2663c0aab353914ee5
4,0,stream,64,remove,3588096,3588096,3592192,3592192,3661824,3661824,1724543,1287176,4c2fddea418f3faecd32221c6ab2c4337cb62e875206ecfeb10cbafd9273bad1
4,1,historical_vec,64,remove,4927488,5795840,4927488,4927488,5005312,5005312,1311246,1287176,4c2fddea418f3faecd32221c6ab2c4337cb62e875206ecfeb10cbafd9273bad1
4,0,stream,256,add,7581696,7581696,7581696,7581696,7671808,7671808,4897201,5250965,2ee2ef4dab144d0c57b33f764972edaf0aaae44e438046d6f0eead6580d09c2e
4,1,historical_vec,256,add,12763136,17321984,12763136,12763136,12873728,17362944,7101738,5250965,2ee2ef4dab144d0c57b33f764972edaf0aaae44e438046d6f0eead6580d09c2e
4,0,stream,256,replace,7585792,7585792,7585792,7585792,7675904,7675904,7047586,5230540,c33079d85dd192bfa13fb08a7a1fc3a1a83163d2f31b52cb204016884af7c83e
4,1,historical_vec,256,replace,12812288,17199104,12812288,12812288,12926976,12926976,5187326,5230540,c33079d85dd192bfa13fb08a7a1fc3a1a83163d2f31b52cb204016884af7c83e
4,0,stream,256,remove,7548928,7548928,7548928,7548928,7622656,7622656,4851756,5210084,24d860170e6914ba976f7d2b4a8f9c70a7bbc7099e176a480fef9c463f7b83df
4,1,historical_vec,256,remove,12804096,17211392,12804096,12804096,12881920,12881920,5161448,5210084,24d860170e6914ba976f7d2b4a8f9c70a7bbc7099e176a480fef9c463f7b83df
5,0,historical_vec,8,add,2613248,2613248,2613248,2613248,2727936,2785280,413247,183923,487f1ce622e4793c65c91641755b57282be590fb6c931286e1d3a727f1fcb494
5,1,stream,8,add,2433024,2433024,2437120,2437120,2527232,2527232,281399,183923,487f1ce622e4793c65c91641755b57282be590fb6c931286e1d3a727f1fcb494
5,0,historical_vec,8,replace,2621440,2621440,2621440,2621440,2740224,2740224,282240,163498,6266c1606c48bc66dc2039c7a9dd9ce836d3839db239c1b3edcaa62580d1bf4b
5,1,stream,8,replace,2396160,2396160,2400256,2400256,2490368,2490368,255711,163498,6266c1606c48bc66dc2039c7a9dd9ce836d3839db239c1b3edcaa62580d1bf4b
5,0,historical_vec,8,remove,2576384,2686976,2576384,2686976,2658304,2686976,209063,143042,f42b488a036d7be4c140ee875e6ad49a974c34662f63b58c26a29991f5182e8a
5,1,stream,8,remove,2510848,2510848,2514944,2514944,2584576,2584576,134113,143042,f42b488a036d7be4c140ee875e6ad49a974c34662f63b58c26a29991f5182e8a
5,0,historical_vec,64,add,4878336,5525504,4878336,4878336,4988928,5566464,1665282,1328057,f2f53ad6178005e6cc34f895da70699ae6f9e6ded00ded0a0024bd1945388529
5,1,stream,64,add,3584000,3584000,3588096,3588096,3678208,3678208,1259218,1328057,f2f53ad6178005e6cc34f895da70699ae6f9e6ded00ded0a0024bd1945388529
5,0,historical_vec,64,replace,4878336,5918720,4878336,4878336,4993024,4993024,567227,1307632,957fc634eaf67992bc92666e3f14e98fb0793ad4bf564d2663c0aab353914ee5
5,1,stream,64,replace,3571712,3571712,3575808,3575808,3665920,3665920,1163528,1307632,957fc634eaf67992bc92666e3f14e98fb0793ad4bf564d2663c0aab353914ee5
5,0,historical_vec,64,remove,4874240,5910528,4874240,4874240,4952064,4952064,590100,1287176,4c2fddea418f3faecd32221c6ab2c4337cb62e875206ecfeb10cbafd9273bad1
5,1,stream,64,remove,3547136,3547136,3551232,3551232,3620864,3620864,1121840,1287176,4c2fddea418f3faecd32221c6ab2c4337cb62e875206ecfeb10cbafd9273bad1
5,0,historical_vec,256,add,12759040,17334272,12759040,12759040,12869632,17375232,7079746,5250965,2ee2ef4dab144d0c57b33f764972edaf0aaae44e438046d6f0eead6580d09c2e
5,1,stream,256,add,7593984,7593984,7593984,7593984,7684096,7684096,4948117,5250965,2ee2ef4dab144d0c57b33f764972edaf0aaae44e438046d6f0eead6580d09c2e
5,0,historical_vec,256,replace,12718080,17190912,12718080,12718080,12832768,12832768,5247921,5230540,c33079d85dd192bfa13fb08a7a1fc3a1a83163d2f31b52cb204016884af7c83e
5,1,stream,256,replace,7548928,7548928,7548928,7548928,7639040,7639040,4885499,5230540,c33079d85dd192bfa13fb08a7a1fc3a1a83163d2f31b52cb204016884af7c83e
5,0,historical_vec,256,remove,12759040,17461248,12759040,12759040,12836864,12836864,5430885,5210084,24d860170e6914ba976f7d2b4a8f9c70a7bbc7099e176a480fef9c463f7b83df
5,1,stream,256,remove,7512064,7512064,7512064,7512064,7585792,7585792,4843040,5210084,24d860170e6914ba976f7d2b4a8f9c70a7bbc7099e176a480fef9c463f7b83df
6,0,stream,8,add,2469888,2469888,2473984,2473984,2564096,2564096,278624,183923,487f1ce622e4793c65c91641755b57282be590fb6c931286e1d3a727f1fcb494
6,1,historical_vec,8,add,2560000,2560000,2560000,2560000,2674688,2736128,392157,183923,487f1ce622e4793c65c91641755b57282be590fb6c931286e1d3a727f1fcb494
6,0,stream,8,replace,2383872,2383872,2387968,2387968,2478080,2478080,253006,163498,6266c1606c48bc66dc2039c7a9dd9ce836d3839db239c1b3edcaa62580d1bf4b
6,1,historical_vec,8,replace,2576384,2576384,2576384,2576384,2695168,2695168,273304,163498,6266c1606c48bc66dc2039c7a9dd9ce836d3839db239c1b3edcaa62580d1bf4b
6,0,stream,8,remove,2473984,2473984,2478080,2478080,2547712,2547712,193073,143042,f42b488a036d7be4c140ee875e6ad49a974c34662f63b58c26a29991f5182e8a
6,1,historical_vec,8,remove,2613248,2613248,2613248,2613248,2695168,2695168,274336,143042,f42b488a036d7be4c140ee875e6ad49a974c34662f63b58c26a29991f5182e8a
6,0,stream,64,add,3588096,3588096,3592192,3592192,3682304,3682304,1270519,1328057,f2f53ad6178005e6cc34f895da70699ae6f9e6ded00ded0a0024bd1945388529
6,1,historical_vec,64,add,4915200,5554176,4915200,4915200,5025792,5595136,1668318,1328057,f2f53ad6178005e6cc34f895da70699ae6f9e6ded00ded0a0024bd1945388529
6,0,stream,64,replace,3584000,3584000,3588096,3588096,3678208,3678208,1246936,1307632,957fc634eaf67992bc92666e3f14e98fb0793ad4bf564d2663c0aab353914ee5
6,1,historical_vec,64,replace,4874240,5804032,4874240,4874240,4988928,4988928,1294335,1307632,957fc634eaf67992bc92666e3f14e98fb0793ad4bf564d2663c0aab353914ee5
6,0,stream,64,remove,3575808,3575808,3579904,3579904,3649536,3649536,1200908,1287176,4c2fddea418f3faecd32221c6ab2c4337cb62e875206ecfeb10cbafd9273bad1
6,1,historical_vec,64,remove,4845568,5799936,4845568,4845568,4923392,4923392,1250712,1287176,4c2fddea418f3faecd32221c6ab2c4337cb62e875206ecfeb10cbafd9273bad1
6,0,stream,256,add,7581696,7581696,7581696,7581696,7671808,7671808,2216329,5250965,2ee2ef4dab144d0c57b33f764972edaf0aaae44e438046d6f0eead6580d09c2e
6,1,historical_vec,256,add,12800000,17616896,12800000,12800000,12910592,17657856,7566773,5250965,2ee2ef4dab144d0c57b33f764972edaf0aaae44e438046d6f0eead6580d09c2e
6,0,stream,256,replace,7516160,7516160,7516160,7516160,7606272,7606272,4945652,5230540,c33079d85dd192bfa13fb08a7a1fc3a1a83163d2f31b52cb204016884af7c83e
6,1,historical_vec,256,replace,12759040,17354752,12759040,12759040,12873728,12873728,5329033,5230540,c33079d85dd192bfa13fb08a7a1fc3a1a83163d2f31b52cb204016884af7c83e
6,0,stream,256,remove,7569408,7569408,7569408,7569408,7643136,7643136,4833842,5210084,24d860170e6914ba976f7d2b4a8f9c70a7bbc7099e176a480fef9c463f7b83df
6,1,historical_vec,256,remove,12763136,17477632,12763136,12763136,12840960,12840960,4448397,5210084,24d860170e6914ba976f7d2b4a8f9c70a7bbc7099e176a480fef9c463f7b83df
7,0,historical_vec,8,add,2564096,2568192,2564096,2568192,2678784,2678784,437423,183923,487f1ce622e4793c65c91641755b57282be590fb6c931286e1d3a727f1fcb494
7,1,stream,8,add,2416640,2416640,2420736,2420736,2510848,2510848,283944,183923,487f1ce622e4793c65c91641755b57282be590fb6c931286e1d3a727f1fcb494
7,0,historical_vec,8,replace,2625536,2625536,2625536,2625536,2744320,2744320,281700,163498,6266c1606c48bc66dc2039c7a9dd9ce836d3839db239c1b3edcaa62580d1bf4b
7,1,stream,8,replace,2420736,2420736,2424832,2424832,2514944,2514944,256924,163498,6266c1606c48bc66dc2039c7a9dd9ce836d3839db239c1b3edcaa62580d1bf4b
7,0,historical_vec,8,remove,2543616,2584576,2543616,2584576,2625536,2625536,212079,143042,f42b488a036d7be4c140ee875e6ad49a974c34662f63b58c26a29991f5182e8a
7,1,stream,8,remove,2383872,2383872,2387968,2387968,2457600,2457600,191760,143042,f42b488a036d7be4c140ee875e6ad49a974c34662f63b58c26a29991f5182e8a
7,0,historical_vec,64,add,4882432,5902336,4882432,4882432,4993024,5832704,1670963,1328057,f2f53ad6178005e6cc34f895da70699ae6f9e6ded00ded0a0024bd1945388529
7,1,stream,64,add,3624960,3624960,3629056,3629056,3719168,3719168,1260911,1328057,f2f53ad6178005e6cc34f895da70699ae6f9e6ded00ded0a0024bd1945388529
7,0,historical_vec,64,replace,4866048,5472256,4866048,4866048,4980736,4980736,1299654,1307632,957fc634eaf67992bc92666e3f14e98fb0793ad4bf564d2663c0aab353914ee5
7,1,stream,64,replace,3588096,3588096,3592192,3592192,3682304,3682304,1792101,1307632,957fc634eaf67992bc92666e3f14e98fb0793ad4bf564d2663c0aab353914ee5
7,0,historical_vec,64,remove,4878336,5603328,4878336,4878336,4956160,4956160,1246635,1287176,4c2fddea418f3faecd32221c6ab2c4337cb62e875206ecfeb10cbafd9273bad1
7,1,stream,64,remove,3575808,3575808,3579904,3579904,3649536,3649536,1723763,1287176,4c2fddea418f3faecd32221c6ab2c4337cb62e875206ecfeb10cbafd9273bad1
7,0,historical_vec,256,add,12763136,17772544,12763136,12763136,12873728,17813504,8019825,5250965,2ee2ef4dab144d0c57b33f764972edaf0aaae44e438046d6f0eead6580d09c2e
7,1,stream,256,add,7512064,7512064,7512064,7512064,7602176,7602176,4941645,5250965,2ee2ef4dab144d0c57b33f764972edaf0aaae44e438046d6f0eead6580d09c2e
7,0,historical_vec,256,replace,12763136,17223680,12763136,12763136,12877824,12877824,5218486,5230540,c33079d85dd192bfa13fb08a7a1fc3a1a83163d2f31b52cb204016884af7c83e
7,1,stream,256,replace,7548928,7548928,7548928,7548928,7639040,7639040,4900417,5230540,c33079d85dd192bfa13fb08a7a1fc3a1a83163d2f31b52cb204016884af7c83e
7,0,historical_vec,256,remove,12812288,17362944,12812288,12812288,12890112,12890112,2752978,5210084,24d860170e6914ba976f7d2b4a8f9c70a7bbc7099e176a480fef9c463f7b83df
7,1,stream,256,remove,7540736,7540736,7540736,7540736,7614464,7614464,4867224,5210084,24d860170e6914ba976f7d2b4a8f9c70a7bbc7099e176a480fef9c463f7b83df
8,0,stream,8,add,2428928,2428928,2433024,2433024,2523136,2523136,300004,183923,487f1ce622e4793c65c91641755b57282be590fb6c931286e1d3a727f1fcb494
8,1,historical_vec,8,add,2609152,2609152,2609152,2609152,2723840,2723840,283143,183923,487f1ce622e4793c65c91641755b57282be590fb6c931286e1d3a727f1fcb494
8,0,stream,8,replace,2461696,2461696,2465792,2465792,2555904,2555904,177344,163498,6266c1606c48bc66dc2039c7a9dd9ce836d3839db239c1b3edcaa62580d1bf4b
8,1,historical_vec,8,replace,2576384,2613248,2576384,2613248,2695168,2695168,298912,163498,6266c1606c48bc66dc2039c7a9dd9ce836d3839db239c1b3edcaa62580d1bf4b
8,0,stream,8,remove,2461696,2461696,2465792,2465792,2535424,2535424,133461,143042,f42b488a036d7be4c140ee875e6ad49a974c34662f63b58c26a29991f5182e8a
8,1,historical_vec,8,remove,2580480,2580480,2580480,2580480,2662400,2662400,144872,143042,f42b488a036d7be4c140ee875e6ad49a974c34662f63b58c26a29991f5182e8a
8,0,stream,64,add,3588096,3588096,3592192,3592192,3682304,3682304,1292491,1328057,f2f53ad6178005e6cc34f895da70699ae6f9e6ded00ded0a0024bd1945388529
8,1,historical_vec,64,add,4845568,5689344,4845568,4845568,4956160,5730304,1675131,1328057,f2f53ad6178005e6cc34f895da70699ae6f9e6ded00ded0a0024bd1945388529
8,0,stream,64,replace,3584000,3584000,3588096,3588096,3678208,3678208,1801498,1307632,957fc634eaf67992bc92666e3f14e98fb0793ad4bf564d2663c0aab353914ee5
8,1,historical_vec,64,replace,4919296,5652480,4919296,4919296,5033984,5033984,1296719,1307632,957fc634eaf67992bc92666e3f14e98fb0793ad4bf564d2663c0aab353914ee5
8,0,stream,64,remove,3596288,3596288,3600384,3600384,3670016,3670016,1195929,1287176,4c2fddea418f3faecd32221c6ab2c4337cb62e875206ecfeb10cbafd9273bad1
8,1,historical_vec,64,remove,4870144,5816320,4870144,4870144,4947968,4947968,1251153,1287176,4c2fddea418f3faecd32221c6ab2c4337cb62e875206ecfeb10cbafd9273bad1
8,0,stream,256,add,7548928,7548928,7548928,7548928,7639040,7639040,4908793,5250965,2ee2ef4dab144d0c57b33f764972edaf0aaae44e438046d6f0eead6580d09c2e
8,1,historical_vec,256,add,12750848,16695296,12750848,12750848,12861440,16736256,5713367,5250965,2ee2ef4dab144d0c57b33f764972edaf0aaae44e438046d6f0eead6580d09c2e
8,0,stream,256,replace,7520256,7520256,7520256,7520256,7610368,7610368,7079146,5230540,c33079d85dd192bfa13fb08a7a1fc3a1a83163d2f31b52cb204016884af7c83e
8,1,historical_vec,256,replace,12726272,17072128,12726272,12726272,12840960,12840960,5267007,5230540,c33079d85dd192bfa13fb08a7a1fc3a1a83163d2f31b52cb204016884af7c83e
8,0,stream,256,remove,7507968,7507968,7507968,7507968,7581696,7581696,4842809,5210084,24d860170e6914ba976f7d2b4a8f9c70a7bbc7099e176a480fef9c463f7b83df
8,1,historical_vec,256,remove,12795904,17043456,12795904,12795904,12873728,12873728,3856894,5210084,24d860170e6914ba976f7d2b4a8f9c70a7bbc7099e176a480fef9c463f7b83df
9,0,historical_vec,8,add,2592768,2592768,2592768,2592768,2707456,2768896,191931,183923,487f1ce622e4793c65c91641755b57282be590fb6c931286e1d3a727f1fcb494
9,1,stream,8,add,2473984,2473984,2478080,2478080,2568192,2568192,138170,183923,487f1ce622e4793c65c91641755b57282be590fb6c931286e1d3a727f1fcb494
9,0,historical_vec,8,replace,2539520,2580480,2539520,2580480,2658304,2658304,143731,163498,6266c1606c48bc66dc2039c7a9dd9ce836d3839db239c1b3edcaa62580d1bf4b
9,1,stream,8,replace,2433024,2433024,2437120,2437120,2527232,2527232,126618,163498,6266c1606c48bc66dc2039c7a9dd9ce836d3839db239c1b3edcaa62580d1bf4b
9,0,historical_vec,8,remove,2543616,2584576,2543616,2584576,2625536,2625536,101190,143042,f42b488a036d7be4c140ee875e6ad49a974c34662f63b58c26a29991f5182e8a
9,1,stream,8,remove,2428928,2428928,2433024,2433024,2502656,2502656,94408,143042,f42b488a036d7be4c140ee875e6ad49a974c34662f63b58c26a29991f5182e8a
9,0,historical_vec,64,add,4919296,5664768,4919296,4919296,5029888,5705728,746183,1328057,f2f53ad6178005e6cc34f895da70699ae6f9e6ded00ded0a0024bd1945388529
9,1,stream,64,add,3551232,3551232,3555328,3555328,3645440,3645440,1185419,1328057,f2f53ad6178005e6cc34f895da70699ae6f9e6ded00ded0a0024bd1945388529
9,0,historical_vec,64,replace,4841472,5672960,4841472,4841472,4956160,4956160,1904953,1307632,957fc634eaf67992bc92666e3f14e98fb0793ad4bf564d2663c0aab353914ee5
9,1,stream,64,replace,3575808,3575808,3579904,3579904,3670016,3670016,1786901,1307632,957fc634eaf67992bc92666e3f14e98fb0793ad4bf564d2663c0aab353914ee5
9,0,historical_vec,64,remove,4923392,5857280,4923392,4923392,5001216,5001216,1279006,1287176,4c2fddea418f3faecd32221c6ab2c4337cb62e875206ecfeb10cbafd9273bad1
9,1,stream,64,remove,3584000,3584000,3588096,3588096,3657728,3657728,1198694,1287176,4c2fddea418f3faecd32221c6ab2c4337cb62e875206ecfeb10cbafd9273bad1
9,0,historical_vec,256,add,12722176,17399808,12722176,12722176,12832768,17440768,7312926,5250965,2ee2ef4dab144d0c57b33f764972edaf0aaae44e438046d6f0eead6580d09c2e
9,1,stream,256,add,7507968,7507968,7507968,7507968,7598080,7598080,4887383,5250965,2ee2ef4dab144d0c57b33f764972edaf0aaae44e438046d6f0eead6580d09c2e
9,0,historical_vec,256,replace,12800000,17362944,12800000,12800000,12914688,12914688,5315187,5230540,c33079d85dd192bfa13fb08a7a1fc3a1a83163d2f31b52cb204016884af7c83e
9,1,stream,256,replace,7544832,7544832,7544832,7544832,7634944,7634944,4928410,5230540,c33079d85dd192bfa13fb08a7a1fc3a1a83163d2f31b52cb204016884af7c83e
9,0,historical_vec,256,remove,12726272,17276928,12726272,12726272,12804096,12804096,5146941,5210084,24d860170e6914ba976f7d2b4a8f9c70a7bbc7099e176a480fef9c463f7b83df
9,1,stream,256,remove,7544832,7544832,7544832,7544832,7618560,7618560,4833030,5210084,24d860170e6914ba976f7d2b4a8f9c70a7bbc7099e176a480fef9c463f7b83df
