documents,operation,variant,n,min_ns,p50_ns,p95_ns,p99_ns,max_ns,total_ns
8,add,stream,30,189326,192923,276851,281931,281931,6676487
8,add,historical_vec,30,193404,206488,317908,342865,342865,7107158
8,remove,stream,30,131267,132669,198744,205466,205466,4605263
8,remove,historical_vec,30,135354,138761,203763,228079,228079,4870417
8,replace,stream,30,169369,171282,251804,258957,258957,5913234
8,replace,historical_vec,30,174238,178706,260100,264287,264287,6109091
64,add,stream,30,1246996,1259179,1273234,1279907,1279907,37785608
64,add,historical_vec,30,1293894,1352143,1637330,1653730,1653730,41616597
64,remove,stream,30,1187293,1202011,1223631,1230685,1230685,36118857
64,remove,historical_vec,30,1234893,1247717,1533434,1632791,1632791,38701119
64,replace,stream,30,1231336,1241645,1272424,1305426,1305426,37376853
64,replace,historical_vec,30,1276621,1293173,1652859,1794455,1794455,40305209
256,add,stream,30,2167988,4901018,7152954,7206214,7206214,136866705
256,add,historical_vec,30,2517736,5900288,7605986,7962025,7962025,169834475
256,remove,stream,30,2137019,4849461,5250245,6849553,6849553,131608792
256,remove,historical_vec,30,2308081,5493091,7728496,7785073,7785073,166917642
256,replace,stream,30,2157858,4889516,7182138,7274573,7274573,135903634
256,replace,historical_vec,30,2344049,5582991,7771517,7806182,7806182,168087261
