REFERENCE=affine_minmax32 LSB_packed metadata_per_block=8 rounds=21 warmup=1
SCOPE=synthetic decoded sample quality; not semantic accuracy, media container compression or private GEL codec
TIMING=encode_and_decode_with_allocations warm_buffers not cold_DRAM; no ORB/s claim
dataset,q,values,payload_bytes,metadata_bytes,total_bytes,rmse,max_abs_error,bit_exact,median_ns,p95_ns
silence,F32,32768, 131072,0,131072,0,0,32768,NA,NA
RAW_NS dataset=silence q=Q1 values=[237898, 203182, 172855, 176732, 172685, 172684, 172364, 172835, 172704, 176301, 172755, 172354, 172584, 182694, 176221, 172384, 172644, 172555, 172645, 173095, 205086]
silence,Q1,32768,4096,8192,12288,0.000000000e0,0.000000000e0,32768,172755,205086
RAW_NS dataset=silence q=Q2 values=[199485, 173366, 173156, 164740, 198262, 115176, 114706, 114646, 114525, 114666, 119254, 114506, 114685, 114476, 114585, 114506, 114645, 114636, 114716, 117140, 114676]
silence,Q2,32768,8192,8192,16384,0.000000000e0,0.000000000e0,32768,114685,198262
RAW_NS dataset=silence q=Q4 values=[136306, 115306, 114906, 114946, 114846, 133241, 115868, 123863, 123643, 123743, 130205, 114555, 123122, 136607, 113904, 114035, 114014, 114195, 113734, 113764, 113864]
silence,Q4,32768,16384,8192,24576,0.000000000e0,0.000000000e0,32768,114946,136306
RAW_NS dataset=silence q=Q8 values=[146856, 115728, 116008, 115918, 115808, 115667, 115147, 119815, 116018, 115979, 115958, 115737, 115898, 115949, 115918, 115837, 124664, 115958, 115968, 118263, 138821]
silence,Q8,32768,32768,8192,40960,0.000000000e0,0.000000000e0,32768,115958,138821
constant,F32,32768, 131072,0,131072,0,0,32768,NA,NA
RAW_NS dataset=constant q=Q1 values=[116769, 129093, 115677, 115858, 115748, 115968, 115567, 114986, 114726, 121499, 114866, 114706, 114735, 114806, 114846, 114656, 114766, 114966, 123272, 115738, 115637]
constant,Q1,32768,4096,8192,12288,0.000000000e0,0.000000000e0,32768,115567,123272
RAW_NS dataset=constant q=Q2 values=[116089, 115918, 115788, 115888, 122781, 116218, 115887, 115867, 115847, 115797, 115999, 115847, 121869, 118312, 116079, 115838, 150112, 151374, 122260, 133651, 155823]
constant,Q2,32768,8192,8192,16384,0.000000000e0,0.000000000e0,32768,116079,151374
RAW_NS dataset=constant q=Q4 values=[152597, 116549, 115948, 123232, 115858, 131628, 115166, 114926, 114997, 114926, 115056, 115026, 114876, 114836, 124695, 115918, 116028, 115968, 115888, 115788, 115998]
constant,Q4,32768,16384,8192,24576,0.000000000e0,0.000000000e0,32768,115888,131628
RAW_NS dataset=constant q=Q8 values=[124864, 116338, 116119, 115828, 115958, 116449, 116089, 116068, 120957, 115857, 115968, 116038, 115888, 145864, 122731, 125416, 133481, 122170, 116599, 115938, 115958]
constant,Q8,32768,32768,8192,40960,0.000000000e0,0.000000000e0,32768,116119,133481
image_gradient,F32,32768, 131072,0,131072,0,0,32768,NA,NA
RAW_NS dataset=image_gradient q=Q1 values=[211558, 206398, 205827, 205908, 206348, 215606, 208382, 207269, 208422, 207770, 217399, 208051, 207530, 207380, 207610, 212340, 208201, 271891, 224282, 216277, 217128]
image_gradient,Q1,32768,4096,8192,12288,3.452316843e-2,5.882352963e-2,2048,208201,224282
RAW_NS dataset=image_gradient q=Q2 values=[216006, 208291, 224132, 207180, 209243, 207340, 216938, 207891, 208742, 208543, 208301, 214033, 208622, 208613, 209213, 208803, 215385, 208673, 226866, 235923, 229070]
image_gradient,Q2,32768,8192,8192,16384,1.150772280e-2,1.960784383e-2,2048,208803,229070
RAW_NS dataset=image_gradient q=Q4 values=[208271, 208151, 206028, 211187, 205937, 206688, 206899, 205957, 222508, 208362, 208372, 207731, 216818, 207871, 208712, 208542, 207871, 216016, 208271, 260800, 237176]
image_gradient,Q4,32768,16384,8192,24576,2.301545295e-3,3.921568859e-3,2048,208271,237176
RAW_NS dataset=image_gradient q=Q8 values=[221035, 210285, 215766, 205527, 212780, 205958, 206699, 204534, 207821, 217660, 208051, 207711, 206979, 213982, 206970, 207390, 207961, 207410, 215255, 207210, 206839]
image_gradient,Q8,32768,32768,8192,40960,1.353803701e-4,2.306848764e-4,2048,207711,217660
audio_tones,F32,32768, 131072,0,131072,0,0,32768,NA,NA
RAW_NS dataset=audio_tones q=Q1 values=[238729, 217770, 216717, 215947, 215204, 221196, 215806, 215345, 215425, 225705, 214623, 215896, 215936, 216697, 222789, 216988, 216818, 217068, 222198, 216938, 254198]
audio_tones,Q1,32768,4096,8192,12288,1.773959113e-1,4.747211635e-1,2048,216818,238729
RAW_NS dataset=audio_tones q=Q2 values=[233339, 229000, 219473, 227318, 218811, 252936, 217949, 217929, 217829, 225855, 217730, 218480, 220394, 225504, 224062, 218881, 219042, 219223, 227387, 219142, 233038]
audio_tones,Q2,32768,8192,8192,16384,6.328337530e-2,1.600412279e-1,2048,219473,233339
RAW_NS dataset=audio_tones q=Q4 values=[253025, 218851, 218511, 218201, 228800, 217769, 216597, 216577, 216407, 223400, 217619, 218401, 218331, 218641, 225294, 218160, 217910, 218090, 225093, 218491, 268415]
audio_tones,Q4,32768,16384,8192,24576,1.278285612e-2,3.174974024e-2,2048,218401,253025
RAW_NS dataset=audio_tones q=Q8 values=[228179, 225223, 215886, 222519, 216337, 222668, 213752, 213601, 213241, 220585, 213742, 214784, 215375, 214824, 219674, 214663, 214784, 214644, 219533, 214353, 214614]
audio_tones,Q8,32768,32768,8192,40960,7.672565664e-4,1.873880625e-3,2048,214824,225223
small_signal_outliers,F32,32768, 131072,0,131072,0,0,32768,NA,NA
RAW_NS dataset=small_signal_outliers q=Q1 values=[217208, 222388, 207661, 207420, 206248, 211408, 206929, 206579, 206047, 205807, 209374, 206709, 208793, 208091, 207610, 209955, 206689, 207110, 207009, 207210, 210245]
small_signal_outliers,Q1,32768,4096,8192,12288,1.718920447e-3,3.000000026e-3,2048,207420,217208
RAW_NS dataset=small_signal_outliers q=Q2 values=[263756, 233680, 215906, 217319, 216076, 224041, 218330, 214844, 215365, 215475, 214373, 221577, 206979, 207651, 208061, 206819, 218982, 207140, 207279, 206499, 215605]
small_signal_outliers,Q2,32768,8192,8192,16384,1.718920447e-3,3.000000026e-3,2048,215475,233680
RAW_NS dataset=small_signal_outliers q=Q4 values=[216477, 251093, 225073, 212530, 206699, 207641, 206398, 211217, 205958, 206809, 206759, 206408, 214884, 207250, 207500, 208031, 207771, 211428, 207770, 207870, 207430]
small_signal_outliers,Q4,32768,16384,8192,24576,1.718920447e-3,3.000000026e-3,2048,207770,225073
RAW_NS dataset=small_signal_outliers q=Q8 values=[207540, 229953, 251503, 215225, 233559, 207821, 216157, 223009, 219593, 226846, 238208, 205597, 206048, 210035, 205105, 205907, 205466, 206829, 210176, 206558, 207240]
small_signal_outliers,Q8,32768,32768,8192,40960,1.718920447e-3,3.000000026e-3,2048,210035,238208
alternating_extremes,F32,32768, 131072,0,131072,0,0,32768,NA,NA
RAW_NS dataset=alternating_extremes q=Q1 values=[212079, 206258, 206228, 243217, 226656, 208101, 207731, 208201, 207310, 215305, 206669, 205547, 206588, 206609, 210576, 214784, 208512, 217098, 216547, 226065, 207150]
alternating_extremes,Q1,32768,4096,8192,12288,0.000000000e0,0.000000000e0,32768,208201,226656
RAW_NS dataset=alternating_extremes q=Q2 values=[207661, 215124, 208122, 250220, 239150, 239601, 305565, 299894, 225714, 220204, 216096, 215645, 215105, 206578, 215065, 208311, 208321, 208082, 207951, 218631, 208292]
alternating_extremes,Q2,32768,8192,8192,16384,0.000000000e0,0.000000000e0,32768,215124,299894
RAW_NS dataset=alternating_extremes q=Q4 values=[208442, 214383, 207139, 210807, 246734, 210516, 218380, 209855, 209284, 208392, 215806, 208893, 208582, 209644, 209183, 216116, 209083, 210506, 211067, 211297, 217018]
alternating_extremes,Q4,32768,16384,8192,24576,0.000000000e0,0.000000000e0,32768,210506,218380
RAW_NS dataset=alternating_extremes q=Q8 values=[210075, 210496, 213010, 209885, 247496, 238528, 219793, 243187, 253797, 232026, 215646, 240081, 214964, 206047, 205396, 210436, 205857, 206739, 205737, 206548, 215264]
alternating_extremes,Q8,32768,32768,8192,40960,0.000000000e0,0.000000000e0,32768,213010,247496
QUANTIZATION_MATRIX=PASS F16=SEE_EXISTING_DATA_INTEGRITY_REFERENCE
